continous scale ebaluation for image quality																					continous evaluation scale for depth perception																		contonous evaluation scale for visual comfort																					
																																																												
																																																												
ID	AGE	SEXE	Content1	Content2	Content3	Content4	Content5	Content6	Content7	Content8	Content9	Content10	Content11	Content12	Content13	Content14	Content15	Content16			Content1	Content2	Content3	Content4	Content5	Content6	Content7	Content8	Content9	Content10	Content11	Content12	Content13	Content14	Content15	Content16			Content1	Content2	Content3	Content4	Content5	Content6	Content7	Content8	Content9	Content10	Content11	Content12	Content13	Content14	Content15	Content16						
0,00	23,00	f	80,00	52,00	100,00	85,00	62,00	59,00	51,00	62,00	89,00	52,00	92,00	26,00	98,00	98,00	80,00	89,00			50,00	90,00	85,00	55,00	35,00	60,00	34,00	45,00	43,00	55,00	45,00	50,00	70,00	100,00	80,00	90,00			80,00	70,00	60,00	60,00	90,00	80,00	66,00	60,00	90,00	45,00	45,00	70,00	70,00	100,00	70,00	100,00						
1,00	24,00	M	55,00	55,00	70,00	70,00	56,00	60,00	45,00	65,00	59,00	59,00	42,00	50,00	79,00	89,00	79,00	95,00			51,00	85,00	88,00	60,00	33,00	69,00	44,00	50,00	45,00	40,00	46,00	55,00	60,00	89,00	85,00	98,00			60,00	65,00	55,00	56,00	85,00	70,00	67,00	55,00	80,00	44,00	41,00	70,00	66,00	90,00	65,00	99,00						
2,00	24,00	M	52,00	60,00	75,00	75,00	60,00	89,00	45,00	58,00	56,00	89,00	45,00	55,00	65,00	89,00	84,00	78,00			60,00	87,00	89,00	57,00	46,00	67,00	45,00	60,00	43,00	60,00	70,00	56,00	90,00	85,00	75,00	96,00			50,00	60,00	50,00	52,00	88,00	76,00	65,00	50,00	87,00	30,00	45,00	60,00	90,00	95,00	66,00	99,00						
3,00	25,00	m	59,00	70,00	65,00	89,00	50,00	56,00	50,00	59,00	50,00	55,00	48,00	59,00	60,00	85,00	70,00	95,00			40,00	89,00	80,00	58,00	40,00	95,00	46,00	60,00	41,00	56,00	30,00	54,00	50,00	90,00	90,00	80,00			80,00	64,00	52,00	51,00	80,00	75,00	80,00	54,00	86,00	50,00	40,00	65,00	40,00	99,00	60,00	100,00						
4,00	27,00	m	58,00	78,00	60,00	80,00	60,00	57,00	45,00	50,00	45,00	90,00	47,00	70,00	62,00	87,00	65,00	99,00			51,00	95,00	75,00	58,00	60,00	55,00	43,00	55,00	46,00	64,00	45,00	52,00	65,00	98,00	88,00	79,00			70,00	68,00	54,00	55,00	89,00	70,00	100,00	56,00	85,00	100,00	41,00	66,00	55,00	95,00	65,00	80,00						
5,00	25,00	m	60,00	79,00	50,00	87,00	65,00	54,00	47,00	52,00	44,00	52,00	94,00	65,00	70,00	90,00	59,00	65,00			52,00	84,00	80,00	50,00	30,00	70,00	41,00	70,00	30,00	44,00	43,00	56,00	62,00	91,00	87,00	90,00			65,00	69,00	58,00	60,00	85,00	78,00	66,00	55,00	84,00	45,00	48,00	64,00	99,00	90,00	61,00	87,00						
6,00	35,00	m	45,00	70,00	55,00	80,00	59,00	55,00	48,00	51,00	90,00	60,00	55,00	50,00	70,00	85,00	69,00	98,00			56,00	87,00	85,00	54,00	20,00	50,00	49,00	40,00	50,00	56,00	41,00	57,00	67,00	92,00	85,00	96,00			90,00	65,00	59,00	59,00	84,00	80,00	50,00	60,00	86,00	90,00	47,00	67,00	75,00	99,00	69,00	86,00						
7,00	25,00	m	59,00	75,00	51,00	90,00	55,00	65,00	45,00	55,00	60,00	60,00	60,00	52,00	60,00	84,00	70,00	80,00			57,00	95,00	80,00	51,00	45,00	60,00	50,00	56,00	45,00	54,00	48,00	58,00	60,00	98,00	80,00	99,00			80,00	67,00	55,00	55,00	83,00	85,00	65,00	54,00	86,00	44,00	50,00	68,00	40,00	90,00	70,00	95,00						
8,00	20,00	f	55,00	80,00	70,00	85,00	50,00	60,00	46,00	45,00	55,00	45,00	45,00	50,00	55,00	85,00	69,00	89,00			50,00	80,00	79,00	80,00	44,00	67,00	30,00	54,00	41,00	57,00	49,00	54,00	68,00	95,00	83,00	100,00			80,00	70,00	50,00	56,00	87,00	75,00	67,00	55,00	85,00	45,00	90,00	65,00	50,00	95,00	50,00	98,00						
9,00	25,00	f	50,00	65,00	53,00	80,00	50,00	56,00	48,00	50,00	54,00	40,00	54,00	45,00	50,00	80,00	64,00	87,00			51,00	83,00	75,00	30,00	45,00	68,00	80,00	55,00	43,00	53,00	45,00	53,00	89,00	90,00	83,00	98,00			50,00	80,00	60,00	52,00	80,00	72,00	67,00	59,00	74,00	45,00	10,00	63,00	99,00	88,00	65,00	90,00						
10,00	27,00	m	52,00	70,00	70,00	81,00	51,00	59,00	41,00	60,00	51,00	50,00	50,00	49,00	68,00	86,00	70,00	88,00			60,00	87,00	77,00	55,00	46,00	66,00	45,00	58,00	40,00	60,00	44,00	55,00	59,00	100,00	84,00	97,00			65,00	50,00	60,00	51,00	89,00	79,00	65,00	50,00	86,00	40,00	40,00	60,00	90,00	87,00	66,00	98,00						
11,00	25,00	m	56,00	60,00	75,00	78,00	54,00	58,00	74,00	58,00	52,00	60,00	20,00	90,00	60,00	80,00	61,00	80,00			40,00	89,00	89,00	54,00	46,00	69,00	20,00	59,00	60,00	40,00	46,00	60,00	55,00	98,00	85,00	92,00			72,00	66,00	62,00	50,00	87,00	70,00	66,00	54,00	89,00	42,00	41,00	59,00	63,00	90,00	61,00	95,00						
12,00	25,00	m	50,00	71,00	80,00	90,00	60,00	51,00	41,00	59,00	58,00	6,00	26,00	45,00	70,00	85,00	60,00	85,00			54,00	85,00	80,00	52,00	42,00	70,00	44,00	70,00	45,00	50,00	43,00	40,00	75,00	94,00	90,00	90,00			90,00	68,00	58,00	59,00	88,00	76,00	60,00	55,00	86,00	41,00	30,00	60,00	40,00	95,00	67,00	97,00						
13,00	26,00	m	57,00	70,00	75,00	89,00	65,00	59,00	41,00	50,00	45,00	59,00	40,00	50,00	75,00	89,00	90,00	90,00			58,00	99,00	85,00	51,00	50,00	90,00	46,00	40,00	44,00	66,00	44,00	90,00	68,00	97,00	75,00	85,00			45,00	69,00	58,00	58,00	80,00	75,00	62,00	60,00	89,00	40,00	60,00	65,00	35,00	96,00	66,00	99,00						
14,00	21,00	m	50,00	55,00	65,00	80,00	59,00	89,00	50,00	54,00	60,00	52,00	59,00	59,00	80,00	84,00	79,00	95,00			45,00	85,00	75,00	55,00	57,00	76,00	47,00	55,00	43,00	50,00	45,00	55,00	60,00	94,00	80,00	80,00			77,00	65,00	59,00	57,00	87,00	74,00	65,00	70,00	85,00	48,00	48,00	67,00	68,00	100,00	65,00	100,00						
15,00	22,00	m	45,00	59,00	69,00	85,00	50,00	50,00	59,00	45,00	56,00	50,00	89,00	58,00	90,00	89,00	70,00	95,00			44,00	79,00	80,00	59,00	56,00	60,00	48,00	50,00	41,00	56,00	40,00	30,00	70,00	99,00	87,00	90,00			80,00	64,00	55,00	52,00	70,00	79,00	68,00	40,00	85,00	49,00	45,00	65,00	90,00	90,00	68,00	93,00						
16,00	21,00	F	58,00	40,00	60,00	75,00	52,00	55,00	80,00	50,00	59,00	59,00	40,00	50,00	55,00	87,00	35,00	99,00			50,00	85,00	86,00	50,00	45,00	68,00	43,00	56,00	44,00	51,00	50,00	53,00	60,00	90,00	83,00	90,00			70,00	68,00	52,00	20,00	90,00	70,00	60,00	50,00	88,00	40,00	49,00	64,00	100,00	90,00	69,00	90,00						
17,00	22,00	f	60,00	70,00	55,00	77,00	45,00	45,00	59,00	60,00	61,00	60,00	41,00	90,00	70,00	89,00	80,00	97,00			51,00	80,00	79,00	54,00	46,00	65,00	41,00	57,00	47,00	50,00	30,00	52,00	65,00	89,00	83,00	100,00			90,00	69,00	51,00	60,00	87,00	75,00	90,00	55,00	90,00	45,00	40,00	63,00	60,00	100,00	60,00	91,00						
18,00	21,00	f	69,00	40,00	20,00	40,00	55,00	56,00	56,00	65,00	50,00	44,00	50,00	65,00	23,00	58,00	50,00	87,00			49,00	85,00	80,00	55,00	40,00	69,00	40,00	50,00	45,00	54,00	44,00	55,00	67,00	84,00	85,00	95,00			80,00	61,00	65,00	100,00	86,00	71,00	50,00	54,00	81,00	44,00	47,00	62,00	50,00	94,00	65,00	99,00						
19,00	25,00	m	55,00	20,00	40,00	50,00	56,00	59,00	45,00	64,00	45,00	56,00	49,00	64,00	25,00	40,00	35,00	50,00			40,00	90,00	85,00	65,00	49,00	60,00	50,00	60,00	47,00	46,00	45,00	54,00	71,00	89,00	70,00	97,00			50,00	61,00	45,00	52,00	84,00	79,00	65,00	53,00	80,00	41,00	70,00	63,00	40,00	88,00	61,00	90,00						
20,00	25,00	m	58,00	65,00	50,00	60,00	59,00	54,00	40,00	50,00	65,00	58,00	60,00	68,00	60,00	84,00	55,00	89,00			60,00	83,00	87,00	95,00	55,00	65,00	70,00	56,00	39,00	66,00	46,00	54,00	79,00	90,00	88,00	92,00			88,00	66,00	49,00	59,00	84,00	88,00	61,00	55,00	86,00	47,00	30,00	65,00	80,00	98,00	70,00	96,00						
21,00	25,00	m	50,00	60,00	69,00	78,00	58,00	51,00	35,00	47,00	49,00	60,00	45,00	61,00	70,00	50,00	35,00	40,00			65,00	79,00	80,00	55,00	60,00	64,00	30,00	57,00	30,00	60,00	48,00	59,00	59,00	100,00	87,00	91,00			50,00	67,00	55,00	50,00	87,00	75,00	69,00	50,00	87,00	41,00	48,00	66,00	65,00	96,00	50,00	90,00						
22,00	26,00	m	89,00	30,00	40,00	40,00	50,00	50,00	36,00	60,00	46,00	90,00	41,00	69,00	30,00	40,00	80,00	50,00			35,00	80,00	90,00	56,00	45,00	60,00	45,00	57,00	60,00	63,00	45,00	56,00	64,00	90,00	85,00	87,00			60,00	70,00	58,00	49,00	84,00	74,00	66,00	60,00	85,00	40,00	45,00	61,00	64,00	94,00	65,00	94,00						
23,00	35,00	m	100,00	100,00	90,00	50,00	52,00	52,00	39,00	89,00	44,00	80,00	55,00	55,00	20,00	89,00	35,00	89,00			50,00	80,00	85,00	57,00	46,00	70,00	46,00	50,00	45,00	61,00	43,00	55,00	68,00	95,00	90,00	80,00			55,00	65,00	52,00	60,00	89,00	78,00	60,00	54,00	89,00	46,00	44,00	60,00	40,00	93,00	64,00	90,00						
24,00	31,00	M	60,00	68,00	65,00	80,00	50,00	60,00	45,00	70,00	50,00	56,00	39,00	50,00	65,00	83,00	60,00	90,00			50,00	89,00	79,00	51,00	40,00	90,00	43,00	60,00	44,00	50,00	41,00	55,00	60,00	90,00	80,00	91,00			60,00	80,00	55,00	65,00	86,00	70,00	65,00	57,00	80,00	45,00	40,00	70,00	55,00	90,00	67,00	88,00						
25,00	22,00	f	65,00	70,00	60,00	79,00	45,00	60,00	39,00	50,00	60,00	96,00	50,00	40,00	70,00	80,00	65,00	99,00			51,00	80,00	70,00	59,00	41,00	55,00	41,00	46,00	46,00	40,00	44,00	50,00	60,00	99,00	87,00	90,00			0,00	65,00	59,00	55,00	84,00	70,00	64,00	55,00	80,00	94,00	41,00	50,00	90,00	100,00	68,00	89,00						
26,00	23,00	f	56,00	50,00	55,00	50,00	57,00	69,00	39,00	56,00	65,00	52,00	48,00	45,00	55,00	80,00	60,00	100,00			49,00	89,00	77,00	75,00	45,00	85,00	45,00	50,00	47,00	46,00	45,00	52,00	55,00	100,00	88,00	100,00			0,00	62,00	58,00	50,00	83,00	75,00	61,00	50,00	80,00	45,00	49,00	65,00	70,00	100,00	60,00	80,00						
27,00	21,00	f	58,00	55,00	60,00	85,00	60,00	50,00	45,00	52,00	48,00	51,00	47,00	60,00	60,00	90,00	55,00	100,00			79,00	87,00	89,00	45,00	70,00	60,00	47,00	60,00	43,00	50,00	46,00	15,00	75,00	98,00	85,00	99,00			90,00	61,00	50,00	50,00	80,00	75,00	68,00	51,00	85,00	47,00	48,00	55,00	44,00	90,00	55,00	85,00						
28,00	21,00	f	60,00	60,00	69,00	89,00	60,00	44,00	35,00	51,00	65,00	55,00	46,00	40,00	62,00	95,00	70,00	89,00			70,00	90,00	80,00	66,00	45,00	67,00	48,00	90,00	44,00	56,00	47,00	85,00	70,00	95,00	86,00	91,00			85,00	55,00	54,00	59,00	87,00	78,00	65,00	66,00	84,00	90,00	40,00	75,00	50,00	89,00	67,00	90,00						
29,00	21,00	f	44,00	69,00	60,00	95,00	65,00	58,00	45,00	54,00	59,00	54,00	41,00	20,00	68,00	90,00	75,00	98,00			50,00	89,00	86,00	44,00	25,00	68,00	49,00	30,00	45,00	51,00	44,00	55,00	66,00	85,00	85,00	90,00			85,00	70,00	46,00	58,00	83,00	74,00	66,00	50,00	84,00	45,00	41,00	40,00	90,00	88,00	64,00	100,00						
30,00	21,00	m	55,00	70,00	70,00	90,00	59,00	56,00	38,00	57,00	52,00	10,00	41,00	30,00	69,00	100,00	60,00	95,00			80,00	85,00	85,00	55,00	44,00	63,00	50,00	50,00	41,00	59,00	43,00	56,00	68,00	89,00	80,00	98,00			80,00	60,00	58,00	52,00	82,00	73,00	100,00	55,00	89,00	41,00	40,00	80,00	59,00	98,00	100,00	95,00						
31,00	21,00	M	59,00	50,00	70,00	89,00	55,00	59,00	45,00	51,00	57,00	25,00	40,00	50,00	90,00	80,00	50,00	91,00			55,00	80,00	89,00	50,00	44,00	67,00	30,00	55,00	40,00	50,00	45,00	65,00	73,00	90,00	75,00	92,00			90,00	67,00	59,00	45,00	89,00	72,00	65,00	52,00	84,00	40,00	47,00	66,00	71,00	70,00	80,00	100,00						
32,00	21,00	m	52,00	70,00	75,00	97,00	50,00	50,00	90,00	60,00	56,00	59,00	45,00	45,00	70,00	80,00	55,00	93,00			35,00	83,00	77,00	56,00	45,00	65,00	44,00	56,00	54,00	54,00	46,00	45,00	53,00	99,00	70,00	95,00			55,00	64,00	60,00	52,00	88,00	75,00	50,00	54,00	85,00	48,00	50,00	65,00	75,00	100,00	50,00	99,00						
33,00	22,00	f	23,00	70,00	80,00	90,00	50,00	56,00	50,00	70,00	50,00	58,00	45,00	59,00	65,00	89,00	70,00	98,00			40,00	82,00	85,00	55,00	47,00	61,00	46,00	57,00	64,00	55,00	43,00	56,00	50,00	80,00	85,00	90,00			60,00	62,00	52,00	50,00	85,00	70,00	80,00	59,00	84,00	94,00	30,00	61,00	90,00	94,00	64,00	95,00						
34,00	20,00	f	60,00	75,00	55,00	100,00	56,00	52,00	50,00	80,00	52,00	56,00	90,00	52,00	60,00	90,00	68,00	100,00			50,00	89,00	81,00	57,00	48,00	70,00	43,00	54,00	45,00	50,00	60,00	52,00	70,00	95,00	90,00	97,00			65,00	66,00	53,00	58,00	84,00	75,00	76,00	56,00	80,00	45,00	40,00	68,00	90,00	55,00	90,00	95,00						
35,00	35,00	m	56,00	65,00	60,00	98,00	59,00	54,00	40,00	52,00	51,00	60,00	42,00	57,00	69,00	80,00	65,00	90,00			50,00	90,00	75,00	52,00	50,00	50,00	33,00	35,00	44,00	51,00	30,00	52,00	65,00	100,00	87,00	95,00			0,00	69,00	59,00	60,00	83,00	76,00	56,00	52,00	85,00	50,00	45,00	69,00	100,00	99,00	40,00	94,00						
36,00	19,00	f	58,00	50,00	65,00	90,00	60,00	58,00	59,00	58,00	59,00	55,00	41,00	50,00	59,00	85,00	70,00	90,00			54,00	70,00	87,00	51,00	30,00	65,00	66,00	73,00	89,00	65,00	44,00	50,00	90,00	89,00	83,00	85,00			70,00	60,00	54,00	40,00	86,00	71,00	63,00	51,00	84,00	41,00	48,00	60,00	60,00	80,00	65,00	98,00						
37,00	32,00	f	59,00	55,00	70,00	80,00	68,00	60,00	56,00	56,00	58,00	54,00	45,00	60,00	55,00	81,00	50,00	87,00			45,00	75,00	90,00	69,00	50,00	64,00	50,00	55,00	45,00	58,00	46,00	50,00	50,00	98,00	81,00	88,00			60,00	65,00	52,00	60,00	87,00	70,00	61,00	57,00	83,00	44,00	50,00	66,00	44,00	95,00	60,00	80,00						
38,00	21,00	f	57,00	50,00	60,00	85,00	64,00	65,00	58,00	54,00	54,00	52,00	48,00	58,00	50,00	35,00	62,00	45,00			55,00	50,00	81,00	65,00	45,00	63,00	30,00	58,00	34,00	59,00	45,00	60,00	66,00	95,00	82,00	90,00			55,00	70,00	55,00	59,00	84,00	75,00	67,00	58,00	80,00	40,00	30,00	65,00	50,00	100,00	56,00	100,00						
39,00	22,00	m	51,00	60,00	60,00	90,00	50,00	55,00	30,00	44,00	60,00	50,00	48,00	59,00	58,00	30,00	90,00	45,00			55,00	85,00	98,00	66,00	49,00	62,00	44,00	58,00	55,00	55,00	44,00	60,00	67,00	90,00	85,00	98,00			54,00	75,00	50,00	52,00	87,00	73,00	65,00	59,00	85,00	41,00	48,00	61,00	50,00	95,00	65,00	100,00						
40,00	23,00	f	52,00	60,00	55,00	88,00	59,00	55,00	32,00	50,00	65,00	51,00	49,00	50,00	95,00	89,00	78,00	98,00			40,00	75,00	80,00	68,00	45,00	69,00	30,00	55,00	40,00	51,00	43,00	56,00	69,00	85,00	89,00	93,00			70,00	72,00	51,00	58,00	87,00	74,00	64,00	55,00	86,00	47,00	49,00	65,00	99,00	99,00	50,00	100,00						
41,00	29,00	m	52,00	55,00	60,00	75,00	57,00	52,00	45,00	58,00	57,00	70,00	47,00	60,00	70,00	84,00	60,00	90,00			35,00	80,00	85,00	77,00	46,00	68,00	50,00	54,00	40,00	53,00	46,00	57,00	70,00	87,00	80,00	98,00			50,00	80,00	50,00	55,00	86,00	71,00	60,00	50,00	84,00	45,00	40,00	60,00	60,00	50,00	70,00	96,00						
42,00	25,00	m	50,00	80,00	60,00	80,00	52,00	50,00	45,00	50,00	59,00	56,00	40,00	90,00	75,00	85,00	65,00	87,00			45,00	77,00	80,00	44,00	43,00	60,00	43,00	51,00	45,00	53,00	47,00	58,00	65,00	90,00	90,00	90,00			0,00	65,00	58,00	58,00	85,00	80,00	70,00	52,00	83,00	50,00	100,00	66,00	61,00	89,00	65,00	95,00						
43,00	21,00	m	54,00	77,00	60,00	79,00	50,00	60,00	48,00	56,00	52,00	60,00	41,00	45,00	90,00	79,00	70,00	89,00			55,00	76,00	70,00	65,00	41,00	55,00	43,00	45,00	46,00	50,00	41,00	59,00	70,00	98,00	100,00	87,00			60,00	64,00	60,00	50,00	82,00	70,00	50,00	51,00	87,00	90,00	50,00	68,00	50,00	88,00	90,00	94,00						
44,00	24,00	m	58,00	75,00	59,00	84,00	56,00	59,00	49,00	60,00	35,00	59,00	40,00	48,00	70,00	76,00	90,00	95,00			56,00	70,00	86,00	45,00	50,00	75,00	30,00	64,00	46,00	40,00	43,00	54,00	50,00	93,00	70,00	85,00			40,00	62,00	40,00	51,00	80,00	75,00	100,00	52,00	87,00	55,00	48,00	69,00	40,00	90,00	100,00	97,00						
45,00	21,00	f	60,00	90,00	60,00	82,00	53,00	60,00	50,00	76,00	44,00	58,00	45,00	50,00	65,00	80,00	100,00	90,00			45,00	80,00	87,00	50,00	43,00	90,00	50,00	50,00	46,00	55,00	45,00	52,00	64,00	90,00	95,00	95,00			66,00	68,00	58,00	52,00	80,00	74,00	90,00	52,00	88,00	40,00	47,00	65,00	65,00	100,00	50,00	100,00						
46,00	21,00	M	50,00	80,00	65,00	87,00	45,00	60,00	45,00	59,00	45,00	50,00	40,00	55,00	60,00	75,00	60,00	82,00			50,00	75,00	87,00	59,00	43,00	50,00	44,00	59,00	43,00	54,00	44,00	51,00	68,00	95,00	75,00	90,00			70,00	70,00	55,00	51,00	85,00	73,00	65,00	58,00	90,00	49,00	30,00	62,00	68,00	100,00	66,00	100,00						
47,00	22,00	f	55,00	75,00	60,00	100,00	60,00	54,00	45,00	58,00	57,00	84,00	80,00	90,00	60,00	82,00	67,00	90,00			53,00	88,00	85,00	52,00	47,00	55,00	58,00	55,00	35,00	53,00	46,00	56,00	61,00	98,00	90,00	100,00			45,00	66,00	55,00	57,00	90,00	70,00	55,00	59,00	84,00	48,00	49,00	61,00	99,00	90,00	90,00	90,00						
48,00	23,00	f	56,00	70,00	20,00	40,00	59,00	56,00	59,00	65,00	50,00	60,00	50,00	60,00	60,00	79,00	90,00	89,00			51,00	80,00	85,00	51,00	45,00	75,00	31,00	50,00	45,00	52,00	44,00	55,00	60,00	100,00	70,00	100,00			60,00	61,00	50,00	50,00	80,00	80,00	85,00	60,00	87,00	47,00	55,00	66,00	100,00	70,00	90,00	95,00						
49,00	21,00	f	55,00	60,00	60,00	87,00	59,00	35,00	50,00	80,00	50,00	45,00	55,00	55,00	70,00	75,00	50,00	95,00			54,00	82,00	85,00	56,00	40,00	68,00	43,00	54,00	46,00	57,00	46,00	59,00	55,00	99,00	83,00	99,00			70,00	70,00	45,00	50,00	85,00	75,00	80,00	45,00	83,00	45,00	41,00	65,00	40,00	94,00	67,00	95,00						
50,00	20,00	m	56,00	68,00	60,00	89,00	59,00	56,00	45,00	44,00	50,00	50,00	41,00	50,00	60,00	85,00	90,00	90,00			50,00	81,00	90,00	53,00	46,00	69,00	45,00	52,00	54,00	58,00	43,00	50,00	61,00	96,00	87,00	83,00			60,00	50,00	58,00	55,00	84,00	75,00	50,00	55,00	85,00	41,00	50,00	67,00	50,00	98,00	55,00	99,00						
51,00	20,00	m	55,00	69,00	60,00	90,00	50,00	55,00	5,00	50,00	56,00	59,00	49,00	45,00	70,00	89,00	57,00	93,00			50,00	80,00	75,00	58,00	47,00	69,00	30,00	50,00	54,00	58,00	44,00	55,00	70,00	94,00	83,00	88,00			64,00	55,00	55,00	50,00	87,00	70,00	65,00	58,00	85,00	44,00	47,00	66,00	78,00	100,00	40,00	94,00						
52,00	20,00	f	30,00	20,00	20,00	50,00	50,00	42,00	40,00	30,00	40,00	40,00	20,00	50,00	30,00	85,00	40,00	92,00			50,00	95,00	87,00	49,00	43,00	65,00	60,00	60,00	30,00	65,00	47,00	53,00	57,00	90,00	89,00	85,00			0,00	70,00	50,00	58,00	81,00	76,00	63,00	56,00	80,00	40,00	20,00	60,00	65,00	90,00	70,00	100,00						
53,00	20,00	f	50,00	55,00	60,00	75,00	56,00	60,00	47,00	57,00	65,00	55,00	4,00	45,00	60,00	85,00	80,00	89,00			54,00	85,00	83,00	50,00	41,00	65,00	41,00	40,00	30,00	45,00	48,00	58,00	67,00	85,00	75,00	90,00			50,00	66,00	52,00	59,00	85,00	74,00	66,00	50,00	87,00	49,00	35,00	55,00	90,00	70,00	40,00	85,00						
54,00	21,00	f	45,00	70,00	40,00	50,00	52,00	57,00	41,00	54,00	50,00	50,00	40,00	40,00	32,00	32,00	45,00	40,00			56,00	89,00	89,00	55,00	48,00	65,00	43,00	55,00	44,00	54,00	41,00	50,00	70,00	89,00	95,00	92,00			0,00	64,00	55,00	52,00	82,00	73,00	67,00	57,00	89,00	44,00	48,00	75,00	60,00	80,00	65,00	90,00						
55,00	22,00	m	56,00	67,00	75,00	89,00	50,00	54,00	15,00	54,00	65,00	90,00	35,00	45,00	70,00	40,00	30,00	59,00			47,00	75,00	81,00	54,00	49,00	60,00	44,00	56,00	47,00	51,00	44,00	60,00	55,00	100,00	85,00	93,00			70,00	61,00	52,00	60,00	85,00	72,00	67,00	59,00	88,00	40,00	50,00	80,00	62,00	50,00	80,00	99,00						
56,00	23,00	f	69,00	65,00	70,00	80,00	57,00	50,00	49,00	57,00	20,00	20,00	39,00	42,00	60,00	80,00	80,00	90,00			50,00	79,00	80,00	56,00	40,00	67,00	46,00	57,00	60,00	50,00	40,00	40,00	60,00	90,00	95,00	99,00			56,00	60,00	50,00	40,00	85,00	79,00	68,00	55,00	80,00	45,00	47,00	50,00	100,00	99,00	68,00	95,00						
57,00	21,00	f	70,00	58,00	60,00	84,00	58,00	55,00	50,00	58,00	50,00	35,00	40,00	50,00	60,00	90,00	50,00	100,00			51,00	90,00	85,00	60,00	50,00	65,00	45,00	51,00	30,00	55,00	50,00	70,00	65,00	94,00	75,00	96,00			80,00	65,00	52,00	58,00	80,00	76,00	90,00	50,00	80,00	41,00	84,00	50,00	67,00	100,00	98,00	93,00						
58,00	23,00	f	65,00	55,00	30,00	60,00	59,00	45,00	41,00	50,00	20,00	40,00	46,00	32,00	60,00	77,00	45,00	89,00			50,00	78,00	75,00	40,00	30,00	69,00	41,00	50,00	44,00	56,00	50,00	54,00	70,00	95,00	90,00	92,00			50,00	70,00	55,00	55,00	80,00	90,00	64,00	52,00	75,00	49,00	44,00	100,00	90,00	100,00	66,00	95,00						
59,00	20,00	m	52,00	20,00	20,00	50,00	40,00	50,00	41,00	44,00	46,00	50,00	50,00	35,00	50,00	65,00	60,00	100,00			45,00	85,00	88,00	55,00	55,00	60,00	41,00	60,00	45,00	57,00	44,00	55,00	67,00	86,00	80,00	96,00			0,00	66,00	50,00	59,00	75,00	45,00	61,00	51,00	80,00	40,00	45,00	66,00	50,00	95,00	100,00	98,00						
																																																												
																																																												
																																																												
																																																												
																																																												
																																																												
																																																												
																																																												
																																																												
																																																												
																																																												
																																																												
																																																												
																																																												
																																																												
																																																												
5 Levels grading scale for image quality																					5 Levels grading scale for depth perception																										5 levels grading scale for visual comfort													
																																																												
ID	AGE	SEXE	Content1	Content2	Content3	Content4	Content5	Content6	Content7	Content8	Content9	Content10	Content11	Content12	Content13	Content14	Content15	Content16			Content1	Content2	Content3	Content4	Content5	Content6	Content7	Content8	Content9	Content10	Content11	Content12	Content13	Content14	Content15	Content16			Content1	Content2	Content3	Content4	Content5	Content6	Content7	Content8	Content9	Content10	Content11	Content12	Content13	Content14	Content15	Content16						
0,00	23,00	f	4,00	3,00	3,00	5,00	4,00	4,00	3,00	5,00	3,00	3,00	4,00	4,00	5,00	4,00	5,00	5,00			3,00	5,00	5,00	3,00	2,00	3,00	2,00	3,00	3,00	3,00	3,00	3,00	4,00	5,00	4,00	5,00			5,00	4,00	4,00	4,00	5,00	5,00	4,00	4,00	5,00	3,00	3,00	4,00	4,00	5,00	4,00	5,00						
1,00	24,00	M	4,00	3,00	3,00	5,00	4,00	4,00	3,00	4,00	3,00	3,00	4,00	4,00	5,00	4,00	5,00	5,00			3,00	5,00	5,00	3,00	2,00	4,00	3,00	3,00	3,00	2,00	3,00	3,00	3,00	5,00	5,00	5,00			4,00	4,00	3,00	3,00	5,00	4,00	4,00	3,00	5,00	3,00	3,00	4,00	4,00	5,00	4,00	5,00						
2,00	24,00	M	3,00	3,00	3,00	5,00	4,00	4,00	3,00	5,00	2,00	3,00	3,00	5,00	5,00	4,00	5,00	5,00			3,00	5,00	5,00	3,00	3,00	4,00	3,00	3,00	3,00	3,00	4,00	3,00	5,00	5,00	4,00	5,00			3,00	4,00	3,00	3,00	5,00	4,00	4,00	3,00	5,00	2,00	3,00	4,00	5,00	5,00	4,00	5,00						
3,00	25,00	m	4,00	3,00	3,00	4,00	4,00	4,00	3,00	5,00	3,00	2,00	4,00	2,00	5,00	3,00	5,00	4,00			2,00	5,00	4,00	3,00	2,00	5,00	3,00	3,00	3,00	3,00	2,00	3,00	3,00	5,00	5,00	4,00			5,00	4,00	3,00	3,00	5,00	4,00	5,00	3,00	5,00	3,00	3,00	4,00	3,00	5,00	4,00	5,00						
4,00	27,00	m	4,00	3,00	3,00	5,00	4,00	5,00	3,00	5,00	5,00	3,00	4,00	3,00	5,00	4,00	4,00	4,00			3,00	5,00	4,00	3,00	3,00	3,00	3,00	3,00	3,00	4,00	3,00	3,00	4,00	5,00	5,00	4,00			4,00	4,00	3,00	3,00	5,00	4,00	5,00	3,00	5,00	5,00	3,00	4,00	3,00	5,00	4,00	5,00						
5,00	25,00	m	4,00	3,00	3,00	5,00	4,00	4,00	3,00	5,00	3,00	3,00	4,00	5,00	5,00	4,00	5,00	5,00			3,00	5,00	4,00	3,00	2,00	4,00	3,00	4,00	2,00	3,00	3,00	3,00	4,00	5,00	5,00	5,00			4,00	4,00	3,00	4,00	5,00	4,00	4,00	3,00	5,00	3,00	3,00	4,00	5,00	5,00	4,00	5,00						
6,00	35,00	m	4,00	3,00	3,00	5,00	4,00	3,00	3,00	5,00	5,00	3,00	4,00	4,00	5,00	4,00	5,00	5,00			3,00	5,00	5,00	3,00	1,00	3,00	3,00	2,00	3,00	3,00	3,00	3,00	4,00	5,00	5,00	5,00			5,00	4,00	3,00	3,00	5,00	5,00	3,00	4,00	5,00	5,00	3,00	4,00	4,00	5,00	4,00	5,00						
7,00	25,00	m	4,00	3,00	3,00	5,00	5,00	4,00	3,00	5,00	3,00	3,00	4,00	2,00	5,00	4,00	5,00	5,00			3,00	5,00	4,00	3,00	3,00	3,00	3,00	3,00	3,00	3,00	3,00	3,00	3,00	5,00	4,00	5,00			5,00	4,00	3,00	3,00	5,00	5,00	4,00	3,00	5,00	3,00	3,00	4,00	3,00	5,00	4,00	5,00						
8,00	20,00	f	4,00	3,00	3,00	5,00	4,00	4,00	3,00	5,00	3,00	5,00	4,00	3,00	5,00	3,00	5,00	5,00			3,00	4,00	4,00	4,00	3,00	4,00	2,00	3,00	3,00	3,00	3,00	3,00	4,00	5,00	5,00	5,00			5,00	4,00	3,00	3,00	5,00	4,00	4,00	3,00	5,00	3,00	5,00	4,00	3,00	5,00	3,00	5,00						
9,00	25,00	f	4,00	3,00	3,00	4,00	4,00	4,00	3,00	4,00	3,00	1,00	4,00	5,00	5,00	4,00	5,00	5,00			3,00	5,00	4,00	2,00	3,00	4,00	4,00	3,00	3,00	3,00	3,00	3,00	5,00	5,00	5,00	5,00			3,00	5,00	4,00	3,00	5,00	4,00	4,00	3,00	4,00	3,00	1,00	4,00	5,00	5,00	4,00	5,00						
10,00	27,00	m	3,00	3,00	3,00	5,00	4,00	4,00	3,00	5,00	2,00	2,00	3,00	5,00	5,00	4,00	5,00	5,00			3,00	5,00	4,00	3,00	3,00	4,00	3,00	3,00	2,00	3,00	3,00	3,00	3,00	5,00	5,00	5,00			4,00	3,00	4,00	3,00	5,00	4,00	4,00	3,00	5,00	3,00	3,00	4,00	5,00	5,00	4,00	5,00						
11,00	25,00	m	4,00	4,00	3,00	5,00	4,00	4,00	3,00	5,00	3,00	3,00	3,00	4,00	5,00	4,00	5,00	5,00			2,00	5,00	5,00	3,00	3,00	4,00	1,00	3,00	3,00	2,00	3,00	3,00	3,00	5,00	5,00	5,00			4,00	4,00	4,00	3,00	5,00	4,00	4,00	3,00	5,00	3,00	3,00	3,00	4,00	5,00	4,00	5,00						
12,00	25,00	m	4,00	3,00	3,00	5,00	4,00	3,00	3,00	5,00	3,00	2,00	3,00	2,00	5,00	4,00	5,00	5,00			3,00	5,00	4,00	3,00	3,00	4,00	3,00	4,00	3,00	3,00	3,00	2,00	4,00	5,00	5,00	5,00			5,00	4,00	3,00	3,00	5,00	4,00	4,00	3,00	5,00	3,00	2,00	4,00	3,00	5,00	4,00	5,00						
13,00	26,00	m	4,00	3,00	3,00	4,00	4,00	4,00	3,00	5,00	2,00	3,00	4,00	2,00	5,00	4,00	5,00	5,00			3,00	5,00	5,00	3,00	3,00	5,00	3,00	2,00	3,00	4,00	3,00	5,00	4,00	5,00	4,00	5,00			3,00	4,00	3,00	3,00	5,00	4,00	4,00	4,00	5,00	3,00	4,00	4,00	2,00	5,00	4,00	5,00						
14,00	21,00	m	4,00	3,00	3,00	5,00	4,00	4,00	4,00	5,00	3,00	3,00	4,00	4,00	5,00	4,00	5,00	4,00			3,00	5,00	4,00	3,00	3,00	4,00	3,00	3,00	3,00	3,00	3,00	3,00	3,00	5,00	4,00	4,00			4,00	4,00	3,00	3,00	5,00	4,00	4,00	4,00	5,00	3,00	3,00	4,00	4,00	5,00	4,00	5,00						
15,00	22,00	m	4,00	3,00	3,00	4,00	4,00	4,00	2,00	5,00	3,00	3,00	4,00	5,00	5,00	4,00	5,00	5,00			3,00	4,00	4,00	3,00	3,00	3,00	3,00	3,00	3,00	3,00	2,00	2,00	4,00	5,00	5,00	5,00			5,00	4,00	3,00	3,00	4,00	4,00	4,00	3,00	5,00	3,00	3,00	4,00	5,00	5,00	4,00	5,00						
16,00	21,00	F	4,00	3,00	1,00	5,00	4,00	3,00	3,00	5,00	2,00	3,00	4,00	5,00	5,00	4,00	5,00	5,00			3,00	5,00	5,00	3,00	3,00	4,00	3,00	3,00	3,00	3,00	3,00	3,00	3,00	5,00	5,00	5,00			4,00	4,00	3,00	2,00	5,00	4,00	4,00	3,00	5,00	3,00	3,00	4,00	5,00	5,00	4,00	5,00						
17,00	22,00	f	4,00	3,00	3,00	5,00	4,00	5,00	3,00	5,00	3,00	2,00	4,00	3,00	5,00	3,00	5,00	5,00			3,00	4,00	4,00	3,00	3,00	4,00	3,00	3,00	3,00	3,00	2,00	3,00	4,00	5,00	5,00	5,00			5,00	4,00	3,00	4,00	5,00	4,00	5,00	3,00	5,00	3,00	3,00	4,00	4,00	5,00	4,00	5,00						
18,00	21,00	f	4,00	4,00	5,00	5,00	4,00	3,00	3,00	5,00	3,00	3,00	4,00	3,00	5,00	4,00	5,00	5,00			3,00	5,00	4,00	3,00	2,00	4,00	2,00	3,00	3,00	3,00	3,00	3,00	4,00	5,00	5,00	5,00			5,00	4,00	4,00	5,00	5,00	4,00	3,00	3,00	5,00	3,00	3,00	4,00	3,00	5,00	4,00	5,00						
19,00	25,00	m	4,00	3,00	3,00	5,00	4,00	4,00	3,00	4,00	3,00	4,00	4,00	2,00	5,00	4,00	5,00	5,00			2,00	5,00	5,00	4,00	3,00	3,00	3,00	3,00	3,00	3,00	3,00	3,00	4,00	5,00	4,00	5,00			3,00	4,00	3,00	3,00	5,00	4,00	4,00	3,00	5,00	3,00	4,00	4,00	3,00	5,00	4,00	5,00						
20,00	25,00	m	4,00	3,00	3,00	5,00	5,00	4,00	3,00	5,00	3,00	2,00	4,00	4,00	5,00	4,00	5,00	5,00			3,00	5,00	5,00	5,00	3,00	4,00	4,00	3,00	2,00	4,00	3,00	3,00	4,00	5,00	5,00	5,00			5,00	4,00	3,00	3,00	5,00	5,00	4,00	3,00	5,00	3,00	2,00	4,00	5,00	5,00	4,00	5,00						
21,00	25,00	m	4,00	3,00	3,00	5,00	4,00	4,00	3,00	5,00	3,00	3,00	4,00	4,00	5,00	3,00	5,00	5,00			4,00	4,00	4,00	3,00	3,00	4,00	2,00	3,00	2,00	3,00	3,00	3,00	3,00	5,00	5,00	5,00			3,00	4,00	3,00	3,00	5,00	4,00	4,00	3,00	5,00	3,00	3,00	4,00	4,00	5,00	3,00	5,00						
22,00	26,00	m	4,00	3,00	3,00	5,00	4,00	4,00	3,00	5,00	2,00	3,00	4,00	4,00	5,00	4,00	5,00	5,00			2,00	4,00	5,00	3,00	3,00	3,00	3,00	3,00	3,00	4,00	3,00	3,00	4,00	5,00	5,00	5,00			4,00	4,00	3,00	3,00	5,00	4,00	4,00	4,00	5,00	3,00	3,00	4,00	4,00	5,00	4,00	5,00						
23,00	35,00	m	4,00	3,00	3,00	5,00	4,00	3,00	3,00	5,00	3,00	3,00	3,00	2,00	5,00	4,00	5,00	4,00			3,00	4,00	5,00	3,00	3,00	4,00	3,00	3,00	3,00	4,00	3,00	3,00	4,00	5,00	5,00	4,00			3,00	4,00	3,00	4,00	5,00	4,00	4,00	3,00	5,00	3,00	3,00	4,00	3,00	5,00	4,00	5,00						
24,00	31,00	M	4,00	3,00	4,00	5,00	4,00	4,00	3,00	4,00	3,00	2,00	4,00	3,00	5,00	4,00	5,00	5,00			3,00	5,00	4,00	3,00	2,00	5,00	3,00	3,00	3,00	3,00	3,00	3,00	3,00	5,00	4,00	5,00			4,00	5,00	3,00	4,00	5,00	4,00	4,00	3,00	5,00	3,00	3,00	4,00	3,00	5,00	4,00	5,00						
25,00	22,00	f	4,00	3,00	3,00	5,00	4,00	4,00	3,00	4,00	5,00	3,00	3,00	5,00	5,00	4,00	5,00	5,00			3,00	4,00	4,00	3,00	3,00	3,00	3,00	3,00	3,00	2,00	3,00	3,00	3,00	5,00	5,00	5,00			1,00	4,00	3,00	3,00	5,00	4,00	4,00	3,00	5,00	5,00	3,00	3,00	5,00	5,00	4,00	5,00						
26,00	23,00	f	4,00	3,00	3,00	5,00	4,00	4,00	3,00	4,00	3,00	3,00	4,00	4,00	5,00	3,00	4,00	5,00			3,00	5,00	4,00	4,00	3,00	5,00	3,00	3,00	3,00	3,00	3,00	3,00	3,00	5,00	5,00	5,00			1,00	4,00	3,00	3,00	5,00	4,00	4,00	3,00	5,00	3,00	3,00	4,00	4,00	5,00	4,00	5,00						
27,00	21,00	f	4,00	3,00	3,00	4,00	4,00	4,00	3,00	5,00	3,00	3,00	3,00	3,00	5,00	3,00	5,00	5,00			4,00	5,00	5,00	3,00	4,00	3,00	3,00	3,00	3,00	3,00	3,00	1,00	4,00	5,00	5,00	5,00			5,00	4,00	3,00	3,00	5,00	4,00	4,00	3,00	5,00	3,00	3,00	3,00	3,00	5,00	3,00	5,00						
28,00	21,00	f	3,00	3,00	3,00	5,00	4,00	4,00	4,00	5,00	5,00	2,00	4,00	3,00	5,00	4,00	5,00	5,00			4,00	5,00	4,00	4,00	3,00	4,00	3,00	5,00	3,00	3,00	3,00	5,00	4,00	5,00	5,00	5,00			5,00	3,00	3,00	3,00	5,00	4,00	4,00	4,00	5,00	5,00	3,00	4,00	3,00	5,00	4,00	5,00						
29,00	21,00	f	4,00	3,00	3,00	5,00	4,00	4,00	3,00	5,00	3,00	3,00	2,00	5,00	5,00	4,00	5,00	5,00			3,00	5,00	5,00	3,00	2,00	4,00	3,00	2,00	3,00	3,00	3,00	3,00	4,00	5,00	5,00	5,00			5,00	4,00	3,00	3,00	5,00	4,00	4,00	3,00	5,00	3,00	3,00	3,00	5,00	5,00	4,00	5,00						
30,00	21,00	m	3,00	3,00	3,00	5,00	4,00	5,00	3,00	5,00	3,00	2,00	4,00	3,00	5,00	5,00	5,00	5,00			4,00	5,00	5,00	3,00	3,00	4,00	3,00	3,00	3,00	3,00	3,00	3,00	4,00	5,00	4,00	5,00			5,00	4,00	3,00	3,00	5,00	4,00	5,00	3,00	5,00	3,00	3,00	5,00	3,00	5,00	5,00	5,00						
31,00	21,00	M	4,00	3,00	3,00	5,00	4,00	4,00	3,00	5,00	2,00	3,00	4,00	4,00	4,00	4,00	5,00	5,00			3,00	4,00	5,00	3,00	3,00	4,00	2,00	3,00	2,00	3,00	3,00	4,00	4,00	5,00	4,00	5,00			5,00	4,00	3,00	3,00	5,00	4,00	4,00	3,00	5,00	3,00	3,00	4,00	4,00	4,00	5,00	5,00						
32,00	21,00	m	4,00	3,00	3,00	5,00	4,00	3,00	3,00	5,00	3,00	3,00	4,00	4,00	5,00	3,00	5,00	5,00			2,00	5,00	4,00	3,00	3,00	4,00	3,00	3,00	3,00	3,00	3,00	3,00	3,00	5,00	4,00	5,00			3,00	4,00	4,00	3,00	5,00	4,00	3,00	3,00	5,00	3,00	3,00	4,00	4,00	5,00	3,00	5,00						
33,00	22,00	f	4,00	3,00	3,00	5,00	4,00	4,00	3,00	5,00	5,00	2,00	4,00	5,00	5,00	4,00	5,00	5,00			2,00	5,00	5,00	3,00	3,00	4,00	3,00	3,00	4,00	3,00	3,00	3,00	3,00	4,00	5,00	5,00			4,00	4,00	3,00	3,00	5,00	4,00	5,00	3,00	5,00	5,00	2,00	4,00	5,00	5,00	4,00	5,00						
34,00	20,00	f	4,00	3,00	3,00	5,00	4,00	4,00	3,00	4,00	3,00	2,00	4,00	5,00	3,00	5,00	5,00	5,00			3,00	5,00	5,00	3,00	3,00	4,00	3,00	3,00	3,00	3,00	3,00	3,00	4,00	5,00	5,00	5,00			4,00	4,00	3,00	3,00	5,00	4,00	4,00	3,00	5,00	3,00	3,00	4,00	5,00	3,00	5,00	5,00						
35,00	35,00	m	4,00	3,00	3,00	5,00	4,00	3,00	3,00	5,00	3,00	3,00	4,00	5,00	5,00	2,00	5,00	5,00			3,00	5,00	4,00	3,00	3,00	3,00	2,00	2,00	3,00	3,00	2,00	3,00	4,00	5,00	5,00	5,00			1,00	4,00	3,00	4,00	5,00	4,00	3,00	3,00	5,00	3,00	3,00	4,00	5,00	5,00	3,00	5,00						
36,00	19,00	f	3,00	3,00	2,00	5,00	4,00	4,00	3,00	5,00	3,00	3,00	3,00	3,00	4,00	4,00	5,00	5,00			3,00	4,00	5,00	3,00	2,00	4,00	4,00	4,00	5,00	4,00	3,00	3,00	5,00	5,00	5,00	5,00			4,00	4,00	3,00	3,00	5,00	4,00	4,00	3,00	5,00	3,00	3,00	4,00	4,00	5,00	4,00	5,00						
37,00	32,00	f	4,00	3,00	3,00	5,00	4,00	4,00	3,00	5,00	3,00	3,00	4,00	3,00	5,00	3,00	4,00	5,00			3,00	4,00	5,00	4,00	3,00	4,00	3,00	3,00	3,00	3,00	3,00	3,00	3,00	5,00	5,00	5,00			4,00	4,00	3,00	4,00	5,00	4,00	4,00	3,00	5,00	3,00	3,00	4,00	3,00	5,00	4,00	5,00						
38,00	21,00	f	4,00	3,00	3,00	5,00	4,00	4,00	3,00	4,00	2,00	2,00	4,00	3,00	5,00	3,00	5,00	5,00			3,00	3,00	5,00	4,00	3,00	4,00	2,00	3,00	2,00	3,00	3,00	3,00	4,00	5,00	5,00	5,00			3,00	4,00	3,00	3,00	5,00	4,00	4,00	3,00	5,00	3,00	2,00	4,00	3,00	5,00	3,00	5,00						
39,00	22,00	m	4,00	3,00	3,00	5,00	4,00	4,00	3,00	5,00	3,00	3,00	4,00	3,00	5,00	4,00	5,00	5,00			3,00	5,00	5,00	4,00	3,00	4,00	3,00	3,00	3,00	3,00	3,00	3,00	4,00	5,00	5,00	5,00			3,00	4,00	3,00	3,00	5,00	4,00	4,00	3,00	5,00	3,00	3,00	4,00	3,00	5,00	4,00	5,00						
40,00	23,00	f	4,00	3,00	3,00	5,00	4,00	4,00	3,00	5,00	3,00	3,00	4,00	5,00	5,00	3,00	5,00	5,00			2,00	4,00	4,00	4,00	3,00	4,00	2,00	3,00	2,00	3,00	3,00	3,00	4,00	5,00	5,00	5,00			4,00	4,00	3,00	3,00	5,00	4,00	4,00	3,00	5,00	3,00	3,00	4,00	5,00	5,00	3,00	5,00						
41,00	29,00	m	4,00	3,00	3,00	5,00	4,00	3,00	3,00	5,00	3,00	2,00	3,00	3,00	3,00	4,00	5,00	5,00			2,00	4,00	5,00	4,00	3,00	4,00	3,00	3,00	2,00	3,00	3,00	3,00	4,00	5,00	4,00	5,00			3,00	5,00	3,00	3,00	5,00	4,00	4,00	3,00	5,00	3,00	3,00	4,00	4,00	3,00	4,00	5,00						
42,00	25,00	m	4,00	3,00	3,00	5,00	4,00	4,00	3,00	5,00	3,00	5,00	4,00	4,00	5,00	4,00	5,00	5,00			3,00	4,00	4,00	3,00	3,00	3,00	3,00	3,00	3,00	3,00	3,00	3,00	4,00	5,00	5,00	5,00			1,00	4,00	3,00	3,00	5,00	5,00	4,00	3,00	5,00	3,00	5,00	4,00	4,00	5,00	4,00	5,00						
43,00	21,00	m	4,00	3,00	3,00	5,00	4,00	3,00	3,00	5,00	5,00	3,00	4,00	3,00	5,00	5,00	5,00	5,00			3,00	4,00	4,00	4,00	3,00	3,00	3,00	3,00	3,00	3,00	3,00	3,00	4,00	5,00	5,00	5,00			4,00	4,00	4,00	3,00	5,00	4,00	3,00	3,00	5,00	5,00	3,00	4,00	3,00	5,00	5,00	5,00						
44,00	24,00	m	4,00	2,00	3,00	4,00	4,00	5,00	3,00	5,00	3,00	3,00	4,00	2,00	5,00	5,00	5,00	5,00			3,00	4,00	5,00	3,00	3,00	4,00	2,00	4,00	3,00	2,00	3,00	3,00	3,00	5,00	4,00	5,00			3,00	4,00	3,00	3,00	5,00	4,00	5,00	3,00	5,00	3,00	3,00	4,00	3,00	5,00	5,00	5,00						
45,00	21,00	f	4,00	3,00	3,00	4,00	4,00	5,00	3,00	5,00	2,00	3,00	4,00	4,00	5,00	3,00	5,00	5,00			3,00	4,00	5,00	3,00	3,00	5,00	3,00	3,00	3,00	3,00	3,00	3,00	4,00	5,00	5,00	5,00			4,00	4,00	3,00	3,00	5,00	4,00	5,00	3,00	5,00	3,00	3,00	4,00	4,00	5,00	3,00	5,00						
46,00	21,00	M	4,00	3,00	3,00	5,00	4,00	4,00	3,00	5,00	3,00	2,00	4,00	4,00	5,00	4,00	5,00	5,00			3,00	4,00	5,00	3,00	3,00	3,00	3,00	3,00	3,00	3,00	3,00	3,00	4,00	5,00	4,00	5,00			4,00	4,00	3,00	3,00	5,00	4,00	4,00	3,00	5,00	3,00	2,00	4,00	4,00	5,00	4,00	5,00						
47,00	22,00	f	4,00	3,00	3,00	5,00	4,00	3,00	3,00	5,00	3,00	3,00	4,00	5,00	5,00	5,00	5,00	5,00			3,00	5,00	5,00	3,00	3,00	3,00	3,00	3,00	2,00	3,00	3,00	3,00	4,00	5,00	5,00	5,00			3,00	4,00	3,00	3,00	5,00	4,00	3,00	3,00	5,00	3,00	3,00	4,00	5,00	5,00	5,00	5,00						
48,00	23,00	f	4,00	3,00	3,00	4,00	4,00	5,00	3,00	5,00	3,00	3,00	4,00	5,00	4,00	5,00	5,00	5,00			3,00	4,00	5,00	3,00	3,00	4,00	2,00	3,00	3,00	3,00	3,00	3,00	3,00	5,00	4,00	5,00			4,00	4,00	3,00	3,00	5,00	5,00	5,00	4,00	5,00	3,00	3,00	4,00	5,00	4,00	5,00	5,00						
49,00	21,00	f	4,00	3,00	3,00	5,00	4,00	4,00	3,00	5,00	3,00	3,00	4,00	2,00	5,00	4,00	5,00	5,00			3,00	5,00	5,00	3,00	2,00	4,00	3,00	3,00	3,00	3,00	3,00	3,00	3,00	5,00	5,00	5,00			4,00	4,00	3,00	3,00	5,00	4,00	5,00	3,00	5,00	3,00	3,00	4,00	3,00	5,00	4,00	5,00						
50,00	20,00	m	3,00	3,00	3,00	5,00	4,00	3,00	3,00	5,00	3,00	3,00	4,00	3,00	5,00	3,00	5,00	5,00			3,00	5,00	5,00	3,00	3,00	4,00	3,00	3,00	3,00	3,00	3,00	3,00	4,00	5,00	5,00	5,00			4,00	3,00	3,00	3,00	5,00	4,00	3,00	3,00	5,00	3,00	3,00	4,00	3,00	5,00	3,00	5,00						
51,00	20,00	m	3,00	3,00	3,00	5,00	4,00	4,00	3,00	5,00	3,00	3,00	4,00	4,00	5,00	2,00	5,00	5,00			3,00	4,00	4,00	3,00	3,00	4,00	2,00	3,00	3,00	3,00	3,00	3,00	4,00	5,00	5,00	5,00			4,00	3,00	3,00	3,00	5,00	4,00	4,00	3,00	5,00	3,00	3,00	4,00	4,00	5,00	3,00	5,00						
52,00	20,00	f	4,00	3,00	3,00	5,00	4,00	4,00	3,00	4,00	2,00	1,00	3,00	4,00	5,00	4,00	5,00	5,00			3,00	5,00	5,00	3,00	3,00	4,00	3,00	3,00	2,00	4,00	3,00	3,00	3,00	5,00	5,00	5,00			1,00	4,00	3,00	3,00	5,00	4,00	4,00	3,00	5,00	3,00	2,00	4,00	4,00	5,00	4,00	5,00						
53,00	20,00	f	4,00	3,00	3,00	5,00	4,00	4,00	3,00	5,00	3,00	2,00	3,00	5,00	4,00	2,00	5,00	5,00			3,00	5,00	5,00	3,00	3,00	4,00	3,00	2,00	2,00	3,00	3,00	3,00	4,00	5,00	4,00	5,00			3,00	4,00	3,00	3,00	5,00	4,00	4,00	3,00	5,00	3,00	2,00	3,00	5,00	4,00	3,00	5,00						
54,00	21,00	f	4,00	3,00	3,00	5,00	4,00	4,00	3,00	5,00	3,00	3,00	4,00	3,00	4,00	4,00	5,00	5,00			3,00	5,00	5,00	3,00	3,00	4,00	3,00	3,00	3,00	3,00	3,00	3,00	4,00	5,00	5,00	5,00			1,00	4,00	3,00	3,00	5,00	4,00	4,00	3,00	5,00	3,00	3,00	4,00	4,00	5,00	4,00	5,00						
55,00	22,00	m	4,00	3,00	3,00	5,00	4,00	4,00	3,00	5,00	2,00	3,00	4,00	4,00	3,00	4,00	5,00	5,00			3,00	4,00	5,00	3,00	3,00	3,00	3,00	3,00	3,00	3,00	3,00	3,00	3,00	5,00	5,00	5,00			4,00	4,00	3,00	4,00	5,00	4,00	4,00	3,00	5,00	3,00	3,00	5,00	4,00	3,00	5,00	5,00						
56,00	23,00	f	3,00	3,00	2,00	5,00	4,00	4,00	3,00	4,00	3,00	3,00	3,00	5,00	5,00	4,00	5,00	5,00			3,00	4,00	4,00	3,00	2,00	4,00	3,00	3,00	3,00	3,00	2,00	2,00	3,00	5,00	5,00	5,00			3,00	4,00	3,00	3,00	5,00	4,00	4,00	3,00	5,00	3,00	3,00	3,00	5,00	5,00	4,00	5,00						
57,00	21,00	f	4,00	3,00	3,00	4,00	4,00	5,00	3,00	4,00	3,00	5,00	3,00	4,00	5,00	5,00	5,00	5,00			3,00	5,00	5,00	3,00	3,00	4,00	3,00	3,00	2,00	3,00	3,00	4,00	4,00	5,00	4,00	5,00			5,00	4,00	3,00	3,00	5,00	4,00	5,00	3,00	5,00	3,00	5,00	3,00	4,00	5,00	5,00	5,00						
58,00	23,00	f	4,00	3,00	3,00	4,00	5,00	4,00	3,00	4,00	3,00	3,00	5,00	5,00	5,00	4,00	5,00	5,00			3,00	4,00	4,00	2,00	2,00	4,00	3,00	3,00	3,00	3,00	3,00	3,00	4,00	5,00	5,00	5,00			3,00	4,00	3,00	3,00	5,00	5,00	4,00	3,00	4,00	3,00	3,00	5,00	5,00	5,00	4,00	5,00						
59,00	20,00	m	4,00	1,00	3,00	1,00	3,00	4,00	1,00	4,00	2,00	3,00	4,00	3,00	5,00	1,00	5,00	5,00			3,00	5,00	5,00	3,00	3,00	3,00	3,00	3,00	3,00	3,00	3,00	3,00	4,00	5,00	4,00	5,00			1,00	4,00	3,00	3,00	4,00	3,00	4,00	3,00	5,00	3,00	3,00	4,00	3,00	5,00	5,00	5,00						
																																																												
																																																												
																																																												
																																																												
3 Levels grading scale for image quality																					3 Levels grading scale for depth perception																										3 levels grading scale for visual comfort													
																																																												
ID	AGE	SEXE	Content1	Content2	Content3	Content4	Content5	Content6	Content7	Content8	Content9	Content10	Content11	Content12	Content13	Content14	Content15	Content16			Content1	Content2	Content3	Content4	Content5	Content6	Content7	Content8	Content9	Content10	Content11	Content12	Content13	Content14	Content15	Content16			Content1	Content2	Content3	Content4	Content5	Content6	Content7	Content8	Content9	Content10	Content11	Content12	Content13	Content14	Content15	Content16						
0,00	23,00	f	3,00	2,00	2,00	3,00	3,00	2,00	2,00	3,00	2,00	2,00	3,00	3,00	3,00	3,00	3,00	3,00			2,00	3,00	3,00	2,00	2,00	2,00	2,00	2,00	2,00	2,00	2,00	2,00	3,00	3,00	3,00	3,00			3,00	3,00	2,00	2,00	3,00	3,00	2,00	2,00	3,00	2,00	2,00	3,00	3,00	3,00	3,00	3,00						
1,00	24,00	M	2,00	2,00	2,00	3,00	3,00	3,00	2,00	3,00	2,00	2,00	3,00	2,00	3,00	2,00	3,00	3,00			2,00	3,00	3,00	2,00	1,00	3,00	2,00	2,00	2,00	2,00	2,00	2,00	2,00	3,00	3,00	3,00			2,00	2,00	2,00	2,00	3,00	3,00	3,00	2,00	3,00	2,00	2,00	3,00	2,00	3,00	2,00	3,00						
2,00	24,00	M	2,00	2,00	2,00	3,00	3,00	2,00	2,00	3,00	1,00	2,00	2,00	3,00	3,00	2,00	3,00	3,00			2,00	3,00	3,00	2,00	2,00	3,00	2,00	2,00	2,00	2,00	3,00	2,00	3,00	3,00	3,00	3,00			2,00	2,00	2,00	2,00	3,00	3,00	2,00	2,00	3,00	1,00	2,00	2,00	3,00	3,00	2,00	3,00						
3,00	25,00	m	2,00	2,00	2,00	3,00	3,00	3,00	2,00	3,00	2,00	2,00	2,00	2,00	3,00	2,00	3,00	3,00			2,00	3,00	3,00	2,00	2,00	3,00	2,00	2,00	2,00	2,00	1,00	2,00	2,00	3,00	3,00	3,00			3,00	2,00	2,00	2,00	3,00	3,00	3,00	2,00	3,00	2,00	2,00	2,00	2,00	3,00	2,00	3,00						
4,00	27,00	m	3,00	2,00	2,00	3,00	3,00	3,00	2,00	3,00	3,00	2,00	2,00	2,00	3,00	2,00	3,00	3,00			2,00	3,00	3,00	2,00	2,00	2,00	2,00	2,00	2,00	2,00	2,00	2,00	2,00	3,00	3,00	3,00			3,00	3,00	2,00	2,00	3,00	3,00	3,00	2,00	3,00	3,00	2,00	2,00	2,00	3,00	2,00	3,00						
5,00	25,00	m	3,00	2,00	2,00	3,00	3,00	2,00	2,00	3,00	2,00	2,00	2,00	3,00	3,00	2,00	3,00	3,00			2,00	3,00	3,00	2,00	1,00	3,00	2,00	3,00	1,00	2,00	2,00	2,00	2,00	3,00	3,00	3,00			2,00	3,00	2,00	2,00	3,00	3,00	2,00	2,00	3,00	2,00	2,00	2,00	3,00	3,00	2,00	3,00						
6,00	35,00	m	2,00	2,00	2,00	3,00	3,00	2,00	2,00	3,00	3,00	2,00	3,00	3,00	3,00	3,00	3,00	3,00			2,00	3,00	3,00	2,00	1,00	2,00	2,00	2,00	2,00	2,00	2,00	2,00	3,00	3,00	3,00	3,00			3,00	2,00	2,00	2,00	3,00	3,00	2,00	2,00	3,00	3,00	2,00	3,00	3,00	3,00	3,00	3,00						
7,00	25,00	m	3,00	2,00	2,00	3,00	3,00	2,00	2,00	3,00	2,00	2,00	3,00	2,00	3,00	3,00	3,00	3,00			2,00	3,00	3,00	2,00	2,00	2,00	2,00	2,00	2,00	2,00	2,00	2,00	2,00	3,00	3,00	3,00			3,00	3,00	2,00	2,00	3,00	3,00	2,00	2,00	3,00	2,00	2,00	3,00	2,00	3,00	3,00	3,00						
8,00	20,00	f	3,00	2,00	2,00	3,00	3,00	3,00	2,00	3,00	2,00	3,00	2,00	2,00	3,00	2,00	3,00	3,00			2,00	3,00	3,00	3,00	2,00	3,00	1,00	2,00	2,00	2,00	2,00	2,00	3,00	3,00	3,00	3,00			3,00	3,00	2,00	2,00	3,00	3,00	3,00	2,00	3,00	2,00	3,00	2,00	2,00	3,00	2,00	3,00						
9,00	25,00	f	3,00	2,00	2,00	3,00	3,00	3,00	2,00	3,00	2,00	1,00	2,00	3,00	3,00	2,00	3,00	3,00			2,00	3,00	3,00	1,00	2,00	3,00	3,00	2,00	2,00	2,00	2,00	2,00	3,00	3,00	3,00	3,00			2,00	3,00	2,00	2,00	3,00	3,00	3,00	2,00	3,00	2,00	1,00	2,00	3,00	3,00	2,00	3,00						
10,00	27,00	m	2,00	2,00	2,00	3,00	3,00	2,00	2,00	3,00	2,00	2,00	2,00	3,00	3,00	2,00	3,00	3,00			2,00	3,00	3,00	2,00	2,00	2,00	2,00	2,00	2,00	2,00	2,00	2,00	2,00	3,00	3,00	3,00			2,00	2,00	2,00	2,00	3,00	3,00	2,00	2,00	3,00	2,00	2,00	2,00	3,00	3,00	2,00	3,00						
11,00	25,00	m	2,00	2,00	2,00	3,00	3,00	2,00	2,00	3,00	2,00	2,00	2,00	2,00	3,00	2,00	3,00	3,00			2,00	3,00	3,00	2,00	2,00	3,00	1,00	2,00	2,00	2,00	2,00	2,00	2,00	3,00	3,00	3,00			3,00	2,00	2,00	2,00	3,00	3,00	2,00	2,00	3,00	2,00	2,00	2,00	2,00	3,00	2,00	3,00						
12,00	25,00	m	3,00	2,00	2,00	3,00	3,00	2,00	2,00	3,00	2,00	1,00	2,00	2,00	3,00	3,00	3,00	3,00			2,00	3,00	3,00	2,00	2,00	3,00	2,00	3,00	2,00	2,00	2,00	2,00	3,00	3,00	3,00	3,00			3,00	3,00	2,00	2,00	3,00	3,00	2,00	2,00	3,00	2,00	1,00	2,00	2,00	3,00	3,00	3,00						
13,00	26,00	m	3,00	2,00	2,00	3,00	3,00	2,00	2,00	3,00	2,00	2,00	2,00	2,00	3,00	2,00	3,00	3,00			2,00	3,00	3,00	2,00	2,00	3,00	2,00	2,00	2,00	2,00	2,00	3,00	3,00	3,00	3,00	3,00			2,00	3,00	2,00	2,00	3,00	3,00	2,00	2,00	3,00	2,00	2,00	2,00	2,00	3,00	2,00	3,00						
14,00	21,00	m	2,00	2,00	2,00	3,00	3,00	2,00	3,00	3,00	2,00	2,00	3,00	3,00	3,00	2,00	3,00	3,00			2,00	3,00	3,00	2,00	2,00	3,00	2,00	2,00	2,00	2,00	2,00	2,00	2,00	3,00	3,00	3,00			3,00	2,00	2,00	2,00	3,00	3,00	2,00	3,00	3,00	2,00	2,00	3,00	3,00	3,00	2,00	3,00						
15,00	22,00	m	2,00	2,00	2,00	3,00	3,00	3,00	2,00	3,00	2,00	2,00	2,00	3,00	3,00	3,00	3,00	3,00			2,00	3,00	3,00	2,00	2,00	2,00	2,00	2,00	2,00	2,00	2,00	1,00	3,00	3,00	3,00	3,00			3,00	2,00	2,00	2,00	3,00	3,00	3,00	2,00	3,00	2,00	2,00	2,00	3,00	3,00	3,00	3,00						
16,00	21,00	F	3,00	2,00	1,00	3,00	3,00	2,00	2,00	3,00	2,00	2,00	2,00	3,00	3,00	3,00	3,00	3,00			2,00	3,00	3,00	2,00	2,00	3,00	2,00	2,00	2,00	2,00	2,00	2,00	2,00	3,00	3,00	3,00			3,00	3,00	2,00	1,00	3,00	3,00	2,00	2,00	3,00	2,00	2,00	2,00	3,00	3,00	3,00	3,00						
17,00	22,00	f	3,00	2,00	2,00	3,00	3,00	3,00	2,00	3,00	2,00	2,00	2,00	2,00	3,00	2,00	3,00	3,00			2,00	3,00	3,00	2,00	2,00	2,00	2,00	2,00	2,00	2,00	1,00	2,00	2,00	3,00	3,00	3,00			3,00	3,00	2,00	2,00	3,00	3,00	3,00	2,00	3,00	2,00	2,00	2,00	2,00	3,00	2,00	3,00						
18,00	21,00	f	2,00	2,00	3,00	3,00	3,00	2,00	2,00	3,00	2,00	2,00	2,00	2,00	3,00	2,00	3,00	3,00			2,00	3,00	3,00	2,00	2,00	3,00	2,00	2,00	2,00	2,00	2,00	2,00	3,00	3,00	3,00	3,00			3,00	2,00	2,00	3,00	3,00	3,00	2,00	2,00	3,00	2,00	2,00	2,00	2,00	3,00	2,00	3,00						
19,00	25,00	m	2,00	2,00	2,00	3,00	3,00	2,00	2,00	3,00	2,00	3,00	2,00	2,00	3,00	2,00	3,00	3,00			2,00	3,00	3,00	2,00	2,00	2,00	2,00	2,00	2,00	2,00	2,00	2,00	3,00	3,00	3,00	3,00			2,00	2,00	2,00	2,00	3,00	3,00	2,00	2,00	3,00	2,00	3,00	2,00	2,00	3,00	2,00	3,00						
20,00	25,00	m	2,00	2,00	2,00	3,00	3,00	2,00	2,00	3,00	2,00	1,00	2,00	3,00	3,00	3,00	3,00	3,00			2,00	3,00	3,00	3,00	2,00	2,00	3,00	2,00	2,00	2,00	2,00	2,00	3,00	3,00	3,00	3,00			3,00	2,00	2,00	2,00	3,00	3,00	2,00	2,00	3,00	2,00	1,00	2,00	3,00	3,00	3,00	3,00						
21,00	25,00	m	3,00	2,00	2,00	3,00	3,00	3,00	2,00	3,00	2,00	2,00	2,00	2,00	3,00	2,00	3,00	3,00			2,00	3,00	3,00	2,00	2,00	2,00	1,00	2,00	1,00	2,00	2,00	2,00	2,00	3,00	3,00	3,00			2,00	3,00	2,00	2,00	3,00	3,00	3,00	2,00	3,00	2,00	2,00	2,00	2,00	3,00	2,00	3,00						
22,00	26,00	m	3,00	2,00	2,00	3,00	3,00	2,00	2,00	3,00	2,00	2,00	2,00	2,00	3,00	2,00	3,00	3,00			2,00	3,00	3,00	2,00	2,00	2,00	2,00	2,00	2,00	2,00	2,00	2,00	2,00	3,00	3,00	3,00			2,00	3,00	2,00	2,00	3,00	3,00	2,00	2,00	3,00	2,00	2,00	2,00	2,00	3,00	2,00	3,00						
23,00	35,00	m	2,00	2,00	2,00	3,00	3,00	2,00	2,00	3,00	2,00	2,00	2,00	2,00	3,00	2,00	3,00	3,00			2,00	3,00	3,00	2,00	2,00	3,00	2,00	2,00	2,00	2,00	2,00	2,00	3,00	3,00	3,00	3,00			2,00	2,00	2,00	2,00	3,00	3,00	2,00	2,00	3,00	2,00	2,00	2,00	2,00	3,00	2,00	3,00						
24,00	31,00	M	3,00	2,00	2,00	3,00	3,00	2,00	2,00	3,00	2,00	2,00	3,00	2,00	3,00	3,00	3,00	3,00			2,00	3,00	3,00	2,00	2,00	3,00	2,00	2,00	2,00	2,00	2,00	2,00	2,00	3,00	3,00	3,00			2,00	3,00	2,00	2,00	3,00	3,00	2,00	2,00	3,00	2,00	2,00	3,00	2,00	3,00	3,00	3,00						
25,00	22,00	f	2,00	2,00	2,00	3,00	3,00	2,00	2,00	3,00	3,00	2,00	2,00	3,00	3,00	3,00	3,00	3,00			2,00	3,00	3,00	2,00	2,00	2,00	2,00	2,00	2,00	2,00	2,00	2,00	2,00	3,00	3,00	3,00			1,00	2,00	2,00	2,00	3,00	3,00	2,00	2,00	3,00	3,00	2,00	2,00	3,00	3,00	3,00	3,00						
26,00	23,00	f	2,00	2,00	2,00	3,00	3,00	2,00	2,00	3,00	2,00	2,00	2,00	3,00	3,00	2,00	3,00	3,00			2,00	3,00	3,00	3,00	2,00	3,00	2,00	2,00	2,00	2,00	2,00	2,00	2,00	3,00	3,00	3,00			1,00	2,00	2,00	2,00	3,00	3,00	2,00	2,00	3,00	2,00	2,00	2,00	3,00	3,00	2,00	3,00						
27,00	21,00	f	2,00	2,00	2,00	3,00	3,00	3,00	2,00	3,00	2,00	2,00	2,00	2,00	3,00	2,00	3,00	3,00			3,00	3,00	3,00	2,00	3,00	2,00	2,00	2,00	2,00	2,00	2,00	1,00	3,00	3,00	3,00	3,00			3,00	2,00	2,00	2,00	3,00	3,00	3,00	2,00	3,00	2,00	2,00	2,00	2,00	3,00	2,00	3,00						
28,00	21,00	f	2,00	2,00	2,00	3,00	3,00	2,00	2,00	3,00	3,00	2,00	3,00	2,00	3,00	3,00	3,00	3,00			3,00	3,00	3,00	2,00	2,00	3,00	2,00	3,00	2,00	2,00	2,00	3,00	3,00	3,00	3,00	3,00			3,00	2,00	2,00	2,00	3,00	3,00	2,00	2,00	3,00	3,00	2,00	3,00	2,00	3,00	3,00	3,00						
29,00	21,00	f	3,00	2,00	2,00	3,00	3,00	2,00	2,00	3,00	2,00	2,00	2,00	3,00	3,00	2,00	3,00	3,00			2,00	3,00	3,00	2,00	1,00	3,00	2,00	1,00	2,00	2,00	2,00	2,00	2,00	3,00	3,00	3,00			3,00	3,00	2,00	2,00	3,00	3,00	2,00	2,00	3,00	2,00	2,00	2,00	3,00	3,00	2,00	3,00						
30,00	21,00	m	2,00	2,00	2,00	3,00	3,00	3,00	2,00	3,00	2,00	2,00	3,00	2,00	3,00	3,00	3,00	3,00			3,00	3,00	3,00	2,00	2,00	2,00	2,00	2,00	2,00	2,00	2,00	2,00	3,00	3,00	3,00	3,00			3,00	2,00	2,00	2,00	3,00	3,00	3,00	2,00	3,00	2,00	2,00	3,00	2,00	3,00	3,00	3,00						
31,00	21,00	M	3,00	2,00	2,00	3,00	3,00	2,00	2,00	3,00	2,00	2,00	2,00	3,00	3,00	3,00	3,00	3,00			2,00	3,00	3,00	2,00	2,00	3,00	1,00	2,00	2,00	2,00	2,00	2,00	3,00	3,00	3,00	3,00			3,00	3,00	2,00	2,00	3,00	3,00	2,00	2,00	3,00	2,00	2,00	2,00	3,00	3,00	3,00	3,00						
32,00	21,00	m	2,00	2,00	2,00	3,00	3,00	2,00	2,00	3,00	2,00	2,00	2,00	3,00	3,00	2,00	3,00	3,00			2,00	3,00	3,00	2,00	2,00	2,00	2,00	2,00	2,00	2,00	2,00	2,00	2,00	3,00	3,00	3,00			2,00	2,00	2,00	2,00	3,00	3,00	2,00	2,00	3,00	2,00	2,00	2,00	3,00	3,00	2,00	3,00						
33,00	22,00	f	2,00	2,00	2,00	3,00	3,00	3,00	2,00	3,00	3,00	1,00	2,00	3,00	3,00	2,00	3,00	3,00			2,00	3,00	3,00	2,00	2,00	2,00	2,00	2,00	2,00	2,00	2,00	2,00	2,00	3,00	3,00	3,00			2,00	2,00	2,00	2,00	3,00	3,00	3,00	2,00	3,00	3,00	1,00	2,00	3,00	3,00	2,00	3,00						
34,00	20,00	f	2,00	2,00	2,00	3,00	3,00	3,00	2,00	3,00	2,00	2,00	3,00	3,00	2,00	3,00	3,00	3,00			2,00	3,00	3,00	2,00	2,00	3,00	2,00	2,00	2,00	2,00	2,00	2,00	3,00	3,00	3,00	3,00			2,00	2,00	2,00	2,00	3,00	3,00	3,00	2,00	3,00	2,00	2,00	3,00	3,00	2,00	3,00	3,00						
35,00	35,00	m	3,00	2,00	2,00	3,00	3,00	2,00	2,00	3,00	2,00	2,00	3,00	3,00	3,00	2,00	3,00	3,00			2,00	3,00	3,00	2,00	2,00	2,00	1,00	2,00	2,00	2,00	1,00	2,00	2,00	3,00	3,00	3,00			1,00	3,00	2,00	2,00	3,00	3,00	2,00	2,00	3,00	2,00	2,00	3,00	3,00	3,00	2,00	3,00						
36,00	19,00	f	2,00	2,00	2,00	3,00	3,00	2,00	2,00	3,00	2,00	2,00	2,00	2,00	3,00	2,00	3,00	3,00			2,00	3,00	3,00	2,00	1,00	2,00	2,00	3,00	3,00	2,00	2,00	2,00	3,00	3,00	3,00	3,00			3,00	2,00	2,00	2,00	3,00	3,00	2,00	2,00	3,00	2,00	2,00	2,00	2,00	3,00	2,00	3,00						
37,00	32,00	f	2,00	2,00	2,00	3,00	3,00	2,00	2,00	3,00	2,00	2,00	2,00	2,00	3,00	2,00	3,00	3,00			2,00	3,00	3,00	3,00	2,00	2,00	2,00	2,00	2,00	2,00	2,00	2,00	2,00	3,00	3,00	3,00			2,00	2,00	2,00	2,00	3,00	3,00	2,00	2,00	3,00	2,00	2,00	2,00	2,00	3,00	2,00	3,00						
38,00	21,00	f	3,00	2,00	2,00	3,00	3,00	3,00	2,00	3,00	2,00	1,00	2,00	2,00	3,00	2,00	3,00	3,00			2,00	2,00	3,00	2,00	2,00	2,00	1,00	2,00	2,00	2,00	2,00	2,00	2,00	3,00	3,00	3,00			2,00	3,00	2,00	2,00	3,00	3,00	3,00	2,00	3,00	2,00	1,00	2,00	2,00	3,00	2,00	3,00						
39,00	22,00	m	3,00	2,00	2,00	3,00	3,00	2,00	2,00	3,00	2,00	2,00	2,00	2,00	3,00	2,00	3,00	3,00			2,00	3,00	3,00	2,00	2,00	2,00	2,00	2,00	2,00	2,00	2,00	2,00	3,00	3,00	3,00	3,00			2,00	3,00	2,00	2,00	3,00	3,00	2,00	2,00	3,00	2,00	2,00	2,00	2,00	3,00	2,00	3,00						
40,00	23,00	f	3,00	2,00	2,00	3,00	3,00	2,00	2,00	3,00	2,00	2,00	2,00	3,00	3,00	2,00	3,00	3,00			2,00	3,00	3,00	3,00	2,00	3,00	1,00	2,00	2,00	2,00	2,00	2,00	3,00	3,00	3,00	3,00			3,00	3,00	2,00	2,00	3,00	3,00	2,00	2,00	3,00	2,00	2,00	2,00	3,00	3,00	2,00	3,00						
41,00	29,00	m	3,00	2,00	2,00	3,00	3,00	2,00	2,00	3,00	2,00	2,00	2,00	2,00	2,00	3,00	3,00	3,00			2,00	3,00	3,00	3,00	2,00	3,00	2,00	2,00	2,00	2,00	2,00	2,00	3,00	3,00	3,00	3,00			2,00	3,00	2,00	2,00	3,00	3,00	2,00	2,00	3,00	2,00	2,00	2,00	2,00	2,00	3,00	3,00						
42,00	25,00	m	2,00	2,00	2,00	3,00	3,00	3,00	2,00	3,00	2,00	3,00	2,00	2,00	3,00	2,00	3,00	3,00			2,00	3,00	3,00	2,00	2,00	2,00	2,00	2,00	2,00	2,00	2,00	2,00	2,00	3,00	3,00	3,00			1,00	2,00	2,00	2,00	3,00	3,00	3,00	2,00	3,00	2,00	3,00	2,00	2,00	3,00	2,00	3,00						
43,00	21,00	m	2,00	2,00	2,00	3,00	3,00	2,00	2,00	3,00	3,00	2,00	3,00	2,00	3,00	3,00	3,00	3,00			2,00	3,00	3,00	2,00	2,00	2,00	2,00	2,00	2,00	2,00	2,00	2,00	3,00	3,00	3,00	3,00			2,00	2,00	2,00	2,00	3,00	3,00	2,00	2,00	3,00	3,00	2,00	3,00	2,00	3,00	3,00	3,00						
44,00	24,00	m	2,00	2,00	2,00	3,00	3,00	3,00	2,00	3,00	2,00	2,00	3,00	2,00	3,00	3,00	3,00	3,00			2,00	3,00	3,00	2,00	2,00	3,00	1,00	2,00	2,00	2,00	2,00	2,00	2,00	3,00	3,00	3,00			2,00	2,00	2,00	2,00	3,00	3,00	3,00	2,00	3,00	2,00	2,00	3,00	2,00	3,00	3,00	3,00						
45,00	21,00	f	3,00	2,00	2,00	3,00	3,00	3,00	2,00	3,00	2,00	2,00	2,00	2,00	3,00	2,00	3,00	3,00			2,00	3,00	3,00	2,00	2,00	3,00	2,00	2,00	2,00	2,00	2,00	2,00	2,00	3,00	3,00	3,00			2,00	3,00	2,00	2,00	3,00	3,00	3,00	2,00	3,00	2,00	2,00	2,00	2,00	3,00	2,00	3,00						
46,00	21,00	M	3,00	2,00	2,00	3,00	3,00	2,00	2,00	3,00	2,00	1,00	2,00	3,00	3,00	2,00	3,00	3,00			2,00	3,00	3,00	2,00	2,00	2,00	2,00	2,00	2,00	2,00	2,00	2,00	3,00	3,00	3,00	3,00			3,00	3,00	2,00	2,00	3,00	3,00	2,00	2,00	3,00	2,00	1,00	2,00	3,00	3,00	2,00	3,00						
47,00	22,00	f	2,00	2,00	2,00	3,00	3,00	2,00	2,00	3,00	2,00	2,00	2,00	3,00	3,00	3,00	3,00	3,00			2,00	3,00	3,00	2,00	2,00	2,00	2,00	2,00	2,00	2,00	2,00	2,00	2,00	3,00	3,00	3,00			2,00	2,00	2,00	2,00	3,00	3,00	2,00	2,00	3,00	2,00	2,00	2,00	3,00	3,00	3,00	3,00						
48,00	23,00	f	2,00	2,00	2,00	3,00	3,00	3,00	2,00	3,00	2,00	2,00	2,00	3,00	3,00	3,00	3,00	3,00			2,00	3,00	3,00	2,00	2,00	3,00	1,00	2,00	2,00	2,00	2,00	2,00	2,00	3,00	3,00	3,00			2,00	2,00	2,00	2,00	3,00	3,00	3,00	2,00	3,00	2,00	2,00	2,00	3,00	3,00	3,00	3,00						
49,00	21,00	f	3,00	2,00	2,00	3,00	3,00	3,00	2,00	3,00	2,00	2,00	2,00	2,00	3,00	3,00	3,00	3,00			2,00	3,00	3,00	2,00	2,00	3,00	2,00	2,00	2,00	2,00	2,00	2,00	2,00	3,00	3,00	3,00			3,00	3,00	2,00	2,00	3,00	3,00	3,00	2,00	3,00	2,00	2,00	2,00	2,00	3,00	3,00	3,00						
50,00	20,00	m	2,00	2,00	2,00	3,00	3,00	2,00	2,00	3,00	2,00	2,00	3,00	2,00	3,00	2,00	3,00	3,00			2,00	3,00	3,00	2,00	2,00	3,00	2,00	2,00	2,00	2,00	2,00	2,00	2,00	3,00	3,00	3,00			2,00	2,00	2,00	2,00	3,00	3,00	2,00	2,00	3,00	2,00	2,00	3,00	2,00	3,00	2,00	3,00						
51,00	20,00	m	2,00	2,00	2,00	3,00	3,00	2,00	2,00	3,00	2,00	2,00	2,00	3,00	3,00	2,00	3,00	3,00			2,00	3,00	3,00	2,00	2,00	3,00	1,00	2,00	2,00	2,00	2,00	2,00	3,00	3,00	3,00	3,00			2,00	2,00	2,00	2,00	3,00	3,00	2,00	2,00	3,00	2,00	2,00	2,00	3,00	3,00	2,00	3,00						
52,00	20,00	f	3,00	2,00	2,00	3,00	3,00	2,00	2,00	3,00	2,00	1,00	2,00	2,00	3,00	3,00	3,00	3,00			2,00	3,00	3,00	2,00	2,00	2,00	2,00	2,00	1,00	2,00	2,00	2,00	2,00	3,00	3,00	3,00			1,00	3,00	2,00	2,00	3,00	3,00	2,00	2,00	3,00	2,00	1,00	2,00	2,00	3,00	3,00	3,00						
53,00	20,00	f	2,00	2,00	2,00	3,00	3,00	2,00	2,00	3,00	2,00	2,00	2,00	3,00	3,00	2,00	3,00	3,00			2,00	3,00	3,00	2,00	2,00	2,00	2,00	2,00	1,00	2,00	2,00	2,00	3,00	3,00	3,00	3,00			2,00	2,00	2,00	2,00	3,00	3,00	2,00	2,00	3,00	2,00	2,00	2,00	3,00	3,00	2,00	3,00						
54,00	21,00	f	2,00	2,00	2,00	3,00	3,00	3,00	2,00	3,00	2,00	2,00	3,00	2,00	3,00	2,00	3,00	3,00			2,00	3,00	3,00	2,00	2,00	2,00	2,00	2,00	2,00	2,00	2,00	2,00	3,00	3,00	3,00	3,00			1,00	2,00	2,00	2,00	3,00	3,00	3,00	2,00	3,00	2,00	2,00	3,00	2,00	3,00	2,00	3,00						
55,00	22,00	m	2,00	2,00	2,00	3,00	3,00	3,00	2,00	3,00	2,00	2,00	3,00	2,00	2,00	3,00	3,00	3,00			2,00	3,00	3,00	2,00	2,00	2,00	2,00	2,00	2,00	2,00	2,00	2,00	2,00	3,00	3,00	3,00			3,00	2,00	2,00	2,00	3,00	3,00	3,00	2,00	3,00	2,00	2,00	3,00	2,00	2,00	3,00	3,00						
56,00	23,00	f	2,00	2,00	2,00	3,00	3,00	3,00	2,00	3,00	2,00	2,00	2,00	3,00	3,00	3,00	3,00	3,00			2,00	3,00	3,00	2,00	2,00	3,00	2,00	2,00	2,00	2,00	2,00	2,00	2,00	3,00	3,00	3,00			2,00	2,00	2,00	2,00	3,00	3,00	3,00	2,00	3,00	2,00	2,00	2,00	3,00	3,00	3,00	3,00						
57,00	21,00	f	2,00	2,00	2,00	3,00	3,00	3,00	2,00	3,00	2,00	3,00	2,00	3,00	3,00	3,00	3,00	3,00			2,00	3,00	3,00	2,00	2,00	2,00	2,00	2,00	1,00	2,00	2,00	3,00	2,00	3,00	3,00	3,00			3,00	2,00	2,00	2,00	3,00	3,00	3,00	2,00	3,00	2,00	3,00	2,00	3,00	3,00	3,00	3,00						
58,00	23,00	f	3,00	2,00	2,00	3,00	3,00	2,00	2,00	3,00	2,00	2,00	3,00	3,00	3,00	2,00	3,00	3,00			2,00	3,00	3,00	2,00	1,00	3,00	2,00	2,00	2,00	2,00	2,00	2,00	3,00	3,00	3,00	3,00			2,00	3,00	2,00	2,00	3,00	3,00	2,00	2,00	3,00	2,00	2,00	3,00	3,00	3,00	2,00	3,00						
59,00	20,00	m	2,00	1,00	2,00	1,00	2,00	2,00	1,00	3,00	2,00	2,00	2,00	2,00	3,00	1,00	3,00	3,00			2,00	3,00	3,00	2,00	2,00	2,00	2,00	2,00	2,00	2,00	2,00	2,00	3,00	3,00	3,00	3,00			1,00	2,00	2,00	2,00	3,00	2,00	2,00	2,00	3,00	2,00	2,00	2,00	2,00	3,00	3,00	3,00						
